100
1 
2 1 
8 3 5 
7 3 2 1 
9 3 5 3 2 
6 7 2 9 5 7 
8 2 3 3 1 8 3 
6 8 4 3 5 7 3 4 
8 4 8 7 6 2 7 1 5 
4 5 9 7 9 6 3 7 7 2 
5 5 4 9 3 5 8 9 9 3 5 
7 8 1 6 4 3 5 5 4 8 2 1 
7 6 5 4 3 2 3 1 2 5 3 4 5 
9 7 3 9 7 7 1 4 7 5 4 3 5 1 
9 9 2 1 5 6 1 2 3 2 2 9 6 7 6 
9 2 6 8 8 4 9 1 7 8 5 2 4 9 6 9 
2 4 7 4 5 5 5 4 1 4 9 8 2 5 5 1 8 
2 1 5 7 7 4 7 6 5 6 9 8 1 3 3 2 9 1 
2 8 4 4 2 1 4 6 1 8 6 6 4 7 3 9 7 7 7 
2 8 9 6 2 3 7 6 3 7 2 5 9 3 7 7 5 8 5 3 
9 2 6 8 4 8 1 5 1 9 5 7 2 5 3 4 8 2 7 5 2 
4 5 3 5 6 9 9 4 4 6 3 4 1 2 6 7 7 8 3 2 2 1 
7 7 2 5 3 4 6 1 6 3 9 4 2 6 5 8 4 1 5 7 1 6 8 
8 5 6 6 3 3 6 7 4 5 7 9 5 1 6 1 7 4 7 4 6 5 4 3 
7 2 6 3 9 1 9 9 2 1 9 6 6 2 8 2 9 7 5 9 9 4 6 6 7 
5 6 8 7 2 7 6 4 2 6 5 4 3 6 6 2 7 9 8 2 8 3 7 2 2 5 
9 9 1 7 3 1 3 6 6 5 7 2 2 1 4 5 3 5 4 7 9 7 6 7 6 5 4 
3 3 7 4 3 1 4 7 5 4 6 7 5 9 4 1 4 6 3 8 2 6 4 2 2 8 7 1 
6 9 1 4 4 3 3 8 5 6 7 9 2 5 7 1 3 5 7 6 3 5 6 7 4 2 5 1 9 
9 7 3 2 6 3 5 4 2 1 7 3 8 2 1 1 1 1 2 9 7 7 2 2 3 3 8 5 5 6 
9 6 1 5 4 4 9 8 6 8 8 2 9 3 1 8 4 6 4 6 9 2 1 7 4 4 9 7 4 8 8 
2 9 9 3 9 1 6 8 7 2 8 2 4 7 5 8 7 5 2 6 6 8 9 3 8 8 6 8 8 5 8 1 
5 9 7 3 7 6 6 9 2 3 2 3 7 7 5 4 2 6 2 3 1 1 3 1 7 8 1 4 1 6 1 8 4 
5 9 8 5 9 6 9 1 2 3 6 9 1 9 3 1 6 6 4 9 1 1 1 5 7 5 5 3 4 8 5 2 8 7 
3 1 9 5 2 9 4 5 4 1 7 4 4 2 7 6 4 7 4 2 9 4 3 3 9 8 1 3 8 9 8 4 2 2 2 
5 7 8 1 4 5 2 5 2 1 9 8 2 1 8 1 6 7 4 5 3 7 3 5 8 6 5 6 6 2 2 1 5 9 3 2 
1 7 3 5 5 7 8 6 7 3 7 7 7 1 4 1 2 3 1 5 1 2 5 8 8 5 2 4 6 4 3 9 4 1 3 9 8 
5 6 2 3 4 6 4 5 5 9 6 5 7 3 8 7 6 9 7 6 3 1 5 1 6 1 4 8 1 6 1 4 2 4 5 6 1 6 
9 4 8 3 9 5 8 5 3 1 4 8 2 3 2 5 8 1 1 6 5 6 3 7 3 9 2 8 4 1 1 5 6 9 8 6 9 8 9 
1 5 9 4 1 2 5 4 3 8 7 8 9 4 2 5 5 8 7 6 2 6 9 9 9 3 2 4 6 8 2 4 3 5 3 1 1 6 8 6 
1 9 8 5 5 2 6 8 2 6 5 3 2 6 3 8 1 5 9 5 3 6 9 3 5 9 5 3 4 6 6 5 4 5 8 2 7 1 2 9 6 
7 6 7 6 1 9 3 5 2 6 1 5 6 7 8 8 4 1 8 6 9 6 9 2 2 1 8 1 3 6 4 9 3 7 7 3 2 4 5 5 6 4 
8 9 1 8 9 8 8 5 9 4 5 6 4 8 2 2 2 7 9 4 6 3 7 3 7 9 1 4 8 3 6 7 1 3 6 1 4 8 4 2 9 7 5 
3 9 2 6 4 9 7 6 2 1 3 4 2 3 6 7 2 9 2 2 3 9 1 9 9 5 9 5 1 4 1 1 5 7 7 5 5 3 6 8 8 2 3 6 
4 3 4 7 2 6 2 9 1 4 4 1 8 5 5 8 3 3 5 8 1 7 8 7 7 4 5 4 6 9 8 2 3 7 2 2 5 3 5 2 2 8 9 3 6 
3 8 9 4 2 5 1 2 5 5 3 4 2 2 7 8 5 2 2 5 6 5 8 2 8 4 6 3 9 8 6 7 4 9 1 6 2 1 8 2 4 9 7 7 6 9 
2 7 4 1 4 1 3 2 3 2 1 7 1 9 6 1 7 5 3 9 4 7 4 6 3 6 8 3 1 9 2 1 7 9 7 3 1 1 4 8 1 5 1 1 7 7 8 
8 6 7 2 4 8 5 7 6 3 3 3 5 9 9 1 2 6 1 2 4 3 3 3 4 9 7 2 8 1 7 3 2 1 7 7 2 7 2 4 3 9 2 8 1 6 6 5 
2 3 5 7 8 4 9 7 8 6 8 3 3 8 9 9 5 1 1 3 8 8 7 1 8 8 7 1 6 4 3 2 8 3 9 2 6 7 1 7 8 9 7 4 3 9 5 6 2 
2 7 6 3 2 9 4 4 2 7 5 5 8 1 7 1 5 5 4 1 7 8 1 5 1 2 9 6 2 2 6 8 6 3 8 4 8 9 1 9 2 6 2 2 9 5 5 7 3 5 
6 6 6 7 7 4 7 2 1 1 4 6 6 8 6 6 6 4 8 7 5 2 4 4 6 7 3 5 4 9 9 5 2 2 8 2 8 1 2 2 6 2 8 1 8 6 4 5 8 3 3 
8 9 6 8 5 8 6 2 1 1 1 3 4 1 2 1 2 1 2 5 1 6 4 3 3 7 9 3 5 8 2 8 5 3 1 4 3 3 9 5 2 1 2 6 1 4 3 9 8 4 9 8 
7 8 6 1 7 4 5 8 8 1 6 7 6 2 7 6 3 1 2 5 6 3 7 9 8 8 7 6 2 1 8 8 3 1 6 6 1 6 1 6 8 2 6 9 9 7 4 4 7 6 7 5 1 
2 3 1 8 6 1 9 2 4 1 9 4 9 8 8 8 6 4 5 1 3 3 2 2 7 7 5 6 8 1 9 5 9 9 4 3 9 1 9 9 4 8 6 1 1 5 6 7 7 6 9 5 6 7 
4 6 6 1 2 6 5 8 4 3 3 2 1 3 5 1 5 9 8 3 8 4 7 4 8 6 6 6 1 9 3 3 1 3 2 6 5 5 6 3 7 4 6 3 4 8 5 1 7 2 4 3 5 3 3 
7 7 3 2 7 3 8 3 1 1 5 7 7 4 3 8 7 6 3 2 2 3 9 8 1 6 4 7 2 8 8 5 6 5 1 7 2 9 5 1 5 3 2 5 9 3 1 8 4 1 2 3 1 1 1 4 
2 8 5 3 6 7 5 9 6 1 1 8 5 5 1 5 6 9 1 4 3 4 2 9 3 2 8 2 8 3 5 7 4 9 1 7 5 1 5 8 8 7 4 3 6 5 5 6 5 4 6 4 9 1 3 2 3 
9 7 2 9 9 5 8 5 3 9 8 6 8 3 5 4 8 3 1 1 9 3 6 8 6 1 9 3 3 9 3 8 4 2 1 3 3 2 1 8 6 5 9 8 9 5 4 5 3 8 8 1 3 2 4 6 7 9 
6 1 9 7 9 3 3 3 5 9 8 4 4 4 4 4 7 7 8 7 4 8 7 8 4 5 2 1 3 7 3 2 6 8 2 7 3 3 4 3 3 5 3 8 4 4 5 2 3 2 9 6 1 5 1 3 4 3 9 
5 5 6 5 9 8 6 4 9 7 4 5 8 9 4 7 9 4 2 7 2 5 1 8 8 1 2 5 9 3 3 5 9 9 1 3 8 8 5 5 5 9 5 5 1 2 8 8 8 5 7 2 2 6 6 3 3 1 8 6 
4 8 9 9 4 1 7 8 6 4 3 5 2 7 8 9 8 7 3 7 4 6 4 2 9 4 7 2 2 9 6 9 3 3 4 2 5 2 4 7 2 6 3 2 6 4 6 7 9 8 7 3 3 2 1 5 8 6 8 8 2 
6 8 9 2 3 9 1 9 9 9 3 8 7 4 9 9 4 8 8 9 7 6 8 8 5 8 7 4 7 6 6 9 6 9 1 8 8 8 4 9 4 8 7 9 1 7 5 2 4 3 1 3 9 9 2 3 7 7 5 8 1 8 
5 4 9 2 2 8 3 1 5 9 8 1 1 2 8 9 7 8 6 2 3 4 2 9 4 7 7 8 1 6 2 1 4 3 2 7 2 6 4 9 9 2 8 9 6 3 5 5 9 2 8 7 6 6 2 6 3 2 8 1 2 1 2 
5 6 8 7 9 5 2 8 5 5 9 4 4 4 9 4 8 8 2 4 1 2 8 1 3 7 1 9 2 2 1 7 9 8 5 9 6 8 3 1 7 8 2 2 4 9 3 4 6 1 9 1 4 9 2 2 9 6 8 5 4 2 2 9 
9 2 8 7 1 8 7 3 2 2 3 1 1 2 1 7 2 7 5 2 9 3 5 6 6 4 7 4 9 4 6 7 8 2 6 6 9 5 1 7 3 6 3 3 5 9 9 1 1 5 6 7 6 4 2 6 5 2 9 9 5 1 5 3 6 
3 7 8 3 7 1 3 7 7 7 9 2 4 4 8 9 8 5 3 7 3 9 8 1 4 2 7 8 6 4 8 5 5 7 2 7 4 7 5 6 7 2 9 1 5 8 4 3 1 9 7 3 5 8 2 4 7 1 2 7 2 6 7 6 8 6 
7 8 8 6 6 5 4 6 3 6 7 1 9 2 1 2 7 2 5 6 1 9 4 8 2 1 4 4 6 4 6 2 9 3 1 5 8 4 4 7 8 9 4 3 5 7 2 1 8 6 9 8 4 9 3 3 4 8 1 1 5 6 7 3 2 1 5 
7 9 5 9 9 3 3 6 6 4 3 6 4 1 4 2 6 4 2 5 5 9 5 7 3 1 4 9 1 1 8 9 9 9 7 6 2 8 3 9 2 8 2 3 3 1 7 2 4 2 3 9 7 3 1 1 8 5 7 2 1 7 1 1 9 8 1 4 
1 2 4 4 3 4 9 4 9 4 4 5 2 6 9 8 6 5 9 8 9 4 4 8 9 8 9 6 6 6 5 8 8 2 1 4 5 7 3 7 8 2 2 1 3 7 5 8 4 5 6 2 8 5 3 9 5 7 8 7 1 5 9 9 9 2 5 6 6 
3 5 4 7 1 1 3 9 2 1 8 8 1 7 9 2 2 9 1 2 3 6 3 9 4 3 9 1 7 9 8 5 8 9 8 6 7 5 8 2 9 1 5 3 3 9 2 9 8 5 1 5 7 9 3 1 8 7 8 4 3 2 3 1 7 1 4 3 7 9 
9 3 2 3 2 6 7 8 4 2 7 7 1 3 5 7 6 6 7 4 1 8 4 3 9 1 5 6 8 6 3 3 9 8 8 9 4 9 9 6 9 6 6 8 9 9 6 9 8 8 9 4 8 3 2 3 2 2 3 6 5 2 3 4 1 4 3 5 1 1 7 
2 7 9 6 2 5 2 9 5 8 3 4 2 5 3 2 6 9 9 8 1 5 3 7 8 8 6 6 7 4 7 7 9 8 7 4 9 8 9 3 1 5 4 9 7 4 1 9 2 1 9 3 1 3 3 3 6 8 4 6 9 1 4 6 7 8 3 9 6 2 9 7 
5 8 4 8 4 7 5 8 5 6 4 9 9 8 3 9 8 3 7 9 4 9 9 7 6 1 6 7 6 6 9 8 4 7 8 8 4 1 9 7 3 8 6 8 7 8 9 1 7 2 1 8 5 3 6 9 6 4 2 9 5 9 6 5 2 5 6 6 4 7 6 5 3 
8 2 3 7 8 2 3 3 2 5 9 9 4 8 6 8 3 2 8 9 1 6 7 4 1 1 7 7 2 4 3 1 5 9 4 6 2 5 4 6 1 3 7 4 8 7 9 9 8 2 4 1 9 6 6 6 5 1 4 9 9 8 8 7 2 2 2 6 5 8 9 7 8 8 
6 3 1 6 4 1 5 7 9 4 4 2 1 3 6 6 8 5 3 4 6 5 2 4 6 2 1 1 7 7 7 5 7 6 5 7 5 7 3 4 4 6 3 4 6 7 5 8 1 1 4 4 2 1 9 7 6 4 9 5 5 9 6 7 1 5 9 1 8 3 9 5 9 5 7 
7 6 9 5 1 2 4 8 4 7 3 2 3 9 4 1 9 9 3 1 6 1 9 9 5 1 6 6 7 4 2 1 4 3 3 5 9 7 6 7 4 1 7 4 1 2 9 9 7 9 5 4 4 9 6 4 5 2 9 1 3 3 3 5 2 2 6 3 7 2 7 7 9 3 8 4 
5 6 7 7 7 6 3 2 9 6 4 7 4 2 2 8 8 4 2 6 2 7 2 5 7 5 7 3 4 3 8 4 3 6 8 7 3 6 8 4 7 7 4 2 3 5 1 1 2 6 9 3 7 1 8 8 7 8 9 7 3 8 7 2 8 1 6 4 7 9 9 7 3 6 2 5 6 
9 9 7 1 9 4 3 7 3 3 6 3 8 6 5 7 1 5 5 1 5 5 1 9 8 2 9 4 4 4 3 8 2 6 4 5 1 1 5 2 8 9 9 8 9 7 9 1 2 5 5 6 7 7 9 7 6 4 2 9 3 3 8 8 2 5 9 2 3 2 6 4 8 4 5 9 4 7 
7 1 6 3 4 9 8 5 3 3 5 6 1 4 5 8 4 4 9 7 8 9 2 1 8 6 4 2 9 6 7 8 7 6 1 7 9 4 1 6 8 7 4 6 8 2 2 7 2 7 5 4 3 8 3 2 3 8 3 9 3 1 3 5 2 1 3 1 6 1 1 7 2 1 6 8 1 1 7 
2 9 7 4 1 5 9 1 1 2 9 5 6 2 4 7 7 2 8 9 5 4 5 2 1 6 7 3 4 3 9 2 3 6 3 4 1 4 9 5 5 6 5 4 8 3 4 8 9 4 5 1 2 8 2 5 2 3 4 8 9 9 8 4 3 9 9 8 3 3 3 6 4 8 2 7 3 2 5 1 
5 2 7 1 3 9 3 5 7 7 8 1 6 3 4 3 3 1 4 2 2 5 7 4 3 8 3 4 5 2 2 4 2 7 4 5 3 7 7 9 8 8 5 3 7 7 6 4 8 8 5 7 6 5 9 8 5 2 4 3 1 6 9 1 4 3 5 8 5 8 3 4 5 7 5 4 4 9 8 4 5 
9 2 4 6 8 5 8 4 1 5 1 5 7 1 3 5 4 5 3 3 8 8 8 9 6 1 9 5 8 6 1 9 8 1 6 6 8 6 5 5 8 1 4 6 5 2 5 8 3 5 6 5 9 9 2 7 2 1 1 5 5 9 3 7 1 1 3 6 4 3 1 8 1 5 7 8 7 6 8 9 6 1 
4 3 3 1 5 4 2 5 6 4 5 3 1 6 3 2 4 4 3 6 9 8 9 4 1 7 5 8 6 7 9 3 4 1 3 5 9 4 6 6 3 2 6 6 5 8 1 2 2 3 3 5 4 2 3 3 3 8 5 4 2 5 8 3 8 5 6 4 7 2 9 1 4 4 6 8 7 4 3 2 2 5 8 
5 6 8 1 3 9 3 7 7 2 6 3 8 9 1 1 2 6 3 4 3 9 4 5 3 5 7 2 1 1 1 8 3 9 8 8 5 6 4 9 7 1 1 5 7 8 8 2 2 3 2 7 3 3 2 7 2 4 9 9 5 6 1 8 9 7 1 3 1 9 2 7 4 3 2 7 5 7 4 2 9 6 8 1 
5 9 5 1 4 6 4 2 9 7 2 7 5 7 3 4 8 2 2 4 7 2 2 2 2 9 4 3 4 2 7 7 3 7 6 8 5 7 6 7 4 9 3 6 7 7 2 5 2 7 7 6 5 3 1 1 9 3 6 9 5 2 9 1 3 6 7 9 3 6 4 2 3 7 2 9 4 8 8 9 6 1 4 3 5 
5 1 4 1 7 3 5 1 6 4 1 7 5 9 7 9 9 6 4 9 5 4 6 9 9 4 3 9 9 2 5 5 6 2 4 1 9 6 1 6 5 1 5 5 9 8 1 9 7 6 5 8 9 5 3 7 9 3 4 4 8 3 2 9 2 9 6 3 1 8 8 1 6 7 4 7 3 9 4 6 2 1 9 8 4 2 
2 2 5 9 7 7 7 2 7 8 8 7 9 5 3 7 2 8 5 8 5 8 5 7 9 4 2 7 1 6 2 6 3 3 9 5 8 8 9 1 2 5 3 7 1 2 8 3 1 4 7 7 3 9 8 7 7 9 6 3 3 1 9 8 5 4 1 2 9 6 9 6 1 8 7 9 7 2 4 7 8 3 3 5 3 6 2 
8 8 9 8 3 2 8 5 8 7 4 1 1 2 8 7 1 9 3 7 3 7 1 9 7 6 1 9 3 5 4 5 4 3 1 4 8 7 8 3 1 5 8 6 2 7 5 2 8 8 6 9 6 8 1 1 8 9 8 8 6 2 3 3 3 2 6 4 9 3 3 7 2 4 6 2 9 8 3 3 2 4 7 3 6 2 4 2 
4 8 5 8 7 1 8 5 6 7 2 6 1 5 8 9 9 2 2 5 4 8 3 5 3 7 4 8 9 7 4 6 8 8 7 4 1 7 3 2 5 9 1 2 1 5 4 7 3 4 7 8 5 8 6 8 5 1 2 9 2 4 6 2 6 1 8 3 7 6 4 3 5 3 5 6 9 7 1 7 2 5 7 3 3 9 9 3 9 
3 6 1 1 6 6 3 3 9 4 2 1 4 3 2 6 8 7 8 4 1 7 5 4 4 3 4 7 3 2 2 7 6 7 5 3 6 1 8 1 6 4 9 2 9 5 3 1 7 8 1 7 5 3 2 1 5 4 8 8 8 3 1 1 9 5 7 5 4 6 5 5 6 2 8 4 6 2 7 1 3 4 8 5 3 7 1 9 9 8 
7 3 2 9 4 1 4 7 2 2 3 8 8 6 7 3 1 9 7 4 3 6 9 6 7 7 4 6 9 1 9 7 7 5 3 4 1 5 6 1 9 1 5 4 1 3 2 6 3 9 4 1 7 7 7 9 9 4 7 6 1 3 6 2 9 3 7 9 9 5 9 4 7 3 4 5 1 7 3 3 9 6 7 6 9 4 4 4 9 4 7 
2 5 1 5 7 6 2 3 1 9 1 8 7 5 6 9 1 7 8 5 7 2 1 3 2 7 7 8 3 9 1 7 8 3 6 5 4 1 3 2 9 5 3 4 7 1 6 2 2 9 9 9 3 8 2 5 6 1 8 9 8 1 1 4 8 1 4 2 6 2 4 8 6 6 6 2 1 5 4 4 4 5 9 5 8 6 8 6 1 2 8 6 
6 3 7 8 1 7 7 4 9 6 2 3 3 4 7 7 3 4 5 9 7 1 2 1 2 4 4 7 1 6 3 3 8 5 6 9 4 2 6 1 4 8 8 9 2 3 3 3 3 4 1 3 8 8 2 5 3 7 7 5 3 5 7 7 3 8 7 3 2 2 8 2 3 3 4 2 6 4 5 2 9 6 7 2 7 7 6 1 5 5 2 8 3 
6 8 4 8 4 5 2 3 2 4 2 9 1 3 9 9 2 3 8 5 5 9 3 5 7 1 7 1 3 9 6 2 5 4 1 1 1 2 5 8 6 1 1 9 5 6 5 6 9 2 3 9 6 5 1 1 9 4 3 9 8 1 9 6 2 7 4 5 1 1 3 1 1 4 4 6 5 3 7 4 2 4 2 6 1 4 6 9 3 2 2 3 2 2 
3 7 4 8 8 3 2 8 6 1 1 7 5 5 5 3 5 2 9 2 9 8 3 3 6 2 8 5 9 9 4 2 4 7 7 1 5 7 7 6 5 9 3 6 5 3 3 8 3 1 5 3 2 5 6 9 3 3 8 8 9 2 6 4 7 3 3 4 1 9 6 1 8 9 6 7 7 5 5 4 9 7 3 6 1 6 1 6 6 1 6 1 4 8 3 
1 3 9 7 9 7 4 1 5 8 9 2 6 2 2 8 7 6 2 8 6 4 7 9 9 6 3 1 8 8 9 6 6 5 2 7 1 4 6 9 6 1 2 3 7 7 9 1 4 8 1 5 6 2 5 2 8 9 9 4 3 5 9 1 4 4 5 7 2 9 4 3 2 8 6 7 5 1 1 9 5 3 9 2 2 7 8 7 7 7 1 5 5 9 2 4 
6 5 3 1 1 4 1 6 7 1 2 6 8 1 8 9 2 1 1 2 9 5 3 9 4 5 2 2 8 1 6 2 1 6 7 2 4 1 6 3 3 4 5 5 2 6 2 1 8 8 7 7 2 1 7 5 6 9 6 8 4 9 1 6 8 8 9 9 4 2 6 3 4 5 8 7 6 5 4 1 5 6 3 8 2 3 3 7 1 6 3 8 8 6 8 8 8 
7 5 5 9 9 1 2 7 9 4 3 6 5 5 2 8 1 1 3 5 1 5 6 6 3 1 5 4 4 9 7 3 8 9 3 9 6 4 2 3 3 8 6 3 1 7 5 5 8 6 3 7 8 2 3 6 7 8 7 1 7 4 7 1 2 4 3 7 9 1 8 6 5 3 1 9 4 9 3 8 5 8 8 7 5 7 6 1 1 9 1 7 7 7 5 7 6 8 
6 6 2 1 7 2 1 1 7 3 4 3 7 2 2 8 9 6 1 9 7 1 7 9 9 5 5 4 2 4 6 4 3 5 1 2 1 6 1 9 4 7 2 7 1 5 9 6 3 9 2 3 9 9 9 3 6 4 5 9 1 3 1 9 8 9 3 1 6 1 7 1 1 9 9 5 3 8 1 6 8 5 3 3 6 3 9 9 1 3 1 1 4 7 4 7 3 5 2 
8 8 3 8 4 9 9 9 5 4 8 5 4 5 4 2 3 4 5 9 1 5 8 7 3 3 1 7 9 5 2 2 6 8 2 6 9 5 4 6 3 4 2 5 4 6 7 4 9 4 5 7 1 4 5 2 1 6 1 4 7 6 3 1 3 7 1 4 1 9 9 9 6 9 8 8 7 5 9 6 1 2 6 3 5 3 8 9 1 6 5 6 3 9 1 2 4 8 2 9 
2 2
4 3
4 4
8 3
8 4
8 6
8 7
9 1
9 5
10 3
10 5
11 1
11 7
12 1
12 3
12 8
12 10
12 12
13 6
13 13
14 4
15 1
15 4
15 8
16 6
16 14
16 16
17 1
17 16
18 2
18 12
18 13
18 15
19 2
19 4
19 15
20 4
20 10
20 11
21 2
21 5
21 9
21 14
21 18
21 20
22 3
22 10
22 12
22 13
22 15
22 18
22 22
23 5
23 9
23 13
23 14
23 22
23 23
24 3
24 4
24 7
24 9
24 19
25 3
25 4
25 6
25 7
25 24
26 1
26 3
26 6
26 19
26 21
27 2
27 3
27 5
27 14
27 19
28 4
28 6
28 12
28 19
28 20
28 28
29 1
29 2
29 4
29 13
29 14
29 15
29 20
29 29
30 1
30 3
30 7
30 9
30 17
30 24
30 28
31 6
31 7
31 21
31 22
31 24
31 27
32 5
32 8
32 9
32 10
32 12
32 14
32 16
32 19
32 20
32 21
32 22
32 24
32 29
33 5
33 7
33 10
33 12
33 15
33 19
33 23
33 25
33 27
34 9
34 20
34 26
34 27
34 30
35 4
35 16
35 19
35 20
35 22
35 30
35 31
36 1
36 3
36 8
36 10
36 14
36 15
36 24
36 29
36 36
37 10
37 18
37 20
37 23
37 30
37 32
38 1
38 2
38 7
38 12
38 13
38 21
38 31
38 33
39 1
39 6
39 22
39 23
39 36
39 39
40 3
40 6
40 15
40 19
40 20
40 21
40 34
40 35
40 38
41 1
41 6
41 10
41 13
41 22
41 23
41 27
41 28
41 33
41 35
41 41
42 2
42 4
42 6
42 10
42 12
42 13
42 16
42 19
42 22
42 24
43 8
43 11
43 22
43 35
44 3
44 7
44 15
44 16
44 22
44 24
44 26
44 29
44 30
44 39
44 44
45 2
45 9
45 20
45 28
45 34
45 36
45 43
46 1
46 2
46 4
46 6
46 12
46 18
46 19
46 29
46 33
46 36
46 40
46 41
47 4
47 8
47 16
47 21
47 24
47 34
47 38
47 44
47 45
48 5
48 7
48 10
48 21
48 22
48 29
48 35
48 42
48 44
49 3
49 7
49 10
49 11
49 17
49 19
49 23
49 37
49 38
49 41
49 42
49 43
49 45
49 46
50 13
50 14
50 25
50 36
50 37
50 41
50 44
50 46
50 50
51 15
51 17
51 20
51 30
51 40
51 42
51 49
52 2
52 3
52 4
52 7
52 15
52 35
52 36
52 48
52 50
52 52
53 1
53 10
53 20
53 24
53 32
53 37
53 39
53 41
53 42
53 43
53 44
53 47
54 3
54 22
54 26
54 28
54 39
55 1
55 6
55 8
55 10
55 15
55 17
55 19
55 21
55 22
55 27
55 35
55 54
56 5
56 7
56 10
56 13
56 19
56 28
56 32
56 37
56 41
56 49
57 4
57 10
57 11
57 20
57 24
57 25
57 26
57 30
57 34
57 37
57 41
57 45
57 47
57 52
58 17
58 20
58 21
58 34
58 41
58 45
58 48
58 53
58 57
59 7
59 11
59 17
59 23
59 29
59 34
59 41
59 46
59 50
59 53
60 1
60 4
60 9
60 12
60 15
60 30
60 31
60 33
60 35
60 37
60 46
60 53
60 55
60 56
61 3
61 7
61 8
61 15
61 16
61 25
61 37
61 38
61 40
61 44
61 48
61 51
61 59
62 3
62 4
62 13
62 16
62 30
62 32
62 43
62 45
63 2
63 3
63 7
63 8
63 17
63 18
63 23
63 27
63 33
63 37
63 38
63 40
63 43
63 50
63 51
63 52
63 56
63 59
63 63
64 1
64 10
64 18
64 21
64 22
64 28
64 32
64 34
64 39
64 41
64 47
64 48
64 52
64 55
64 61
65 3
65 7
65 12
65 16
65 20
65 30
65 37
65 38
65 39
65 40
65 51
65 52
65 58
65 60
65 63
65 64
66 13
66 20
66 23
66 39
66 40
66 46
66 50
66 55
66 58
67 4
67 6
67 14
67 23
67 27
67 30
67 32
67 35
67 39
67 40
67 42
67 45
67 50
67 57
67 62
67 64
68 1
68 6
68 13
68 17
68 21
68 27
68 29
68 32
68 37
68 39
68 45
68 59
68 60
69 6
69 14
69 28
69 32
69 37
69 40
69 45
69 53
69 60
69 61
69 65
70 3
70 6
70 7
70 15
70 17
70 39
70 41
70 48
70 49
70 56
70 63
70 64
70 67
71 2
71 12
71 14
71 24
71 25
71 26
71 31
71 32
71 40
71 47
71 51
71 53
71 54
71 58
71 68
72 3
72 8
72 12
72 21
72 24
72 28
72 35
72 44
72 49
72 57
72 60
72 65
72 69
73 4
73 6
73 19
73 20
73 21
73 38
73 39
73 51
73 52
73 56
73 58
73 59
73 64
73 73
74 12
74 22
74 29
74 30
74 31
74 32
74 40
74 44
74 45
74 48
74 52
74 57
74 61
74 64
74 70
75 1
75 3
75 10
75 12
75 25
75 39
75 43
75 45
75 50
75 52
75 53
75 55
75 60
75 70
75 72
75 74
76 17
76 26
76 27
76 33
76 34
76 41
76 49
76 52
76 54
76 55
76 57
76 58
76 62
76 73
77 3
77 9
77 12
77 14
77 16
77 30
77 44
77 54
77 56
77 64
77 68
77 71
77 75
77 77
78 1
78 6
78 17
78 24
78 26
78 29
78 38
78 40
78 52
78 56
78 57
78 75
79 2
79 7
79 15
79 17
79 20
79 23
79 35
79 38
79 39
79 41
79 51
79 57
79 58
79 63
79 65
79 66
79 68
79 70
79 75
79 79
80 4
80 16
80 26
80 30
80 37
80 38
80 41
80 42
80 45
80 63
80 66
80 67
80 73
81 2
81 4
81 11
81 12
81 18
81 20
81 21
81 26
81 32
81 33
81 35
81 39
81 44
81 48
81 54
81 59
81 61
81 63
81 73
81 74
81 77
82 7
82 10
82 13
82 14
82 27
82 35
82 36
82 44
82 49
82 54
82 61
82 63
82 64
82 74
83 12
83 14
83 17
83 22
83 25
83 52
83 54
83 59
83 63
83 67
83 69
83 70
83 73
84 2
84 11
84 13
84 14
84 17
84 21
84 24
84 28
84 40
84 42
84 44
84 53
84 54
84 58
84 66
84 68
84 69
84 74
84 77
84 78
84 82
84 84
85 1
85 11
85 22
85 26
85 32
85 34
85 35
85 44
85 56
85 62
85 63
85 66
85 68
85 72
85 76
85 77
86 8
86 9
86 10
86 18
86 20
86 26
86 37
86 38
86 40
86 46
86 50
86 52
86 55
86 68
86 71
86 76
86 81
87 12
87 30
87 32
87 33
87 39
87 41
87 45
87 47
87 49
87 52
87 57
87 58
87 59
87 62
87 67
87 76
87 78
87 79
87 81
87 82
87 83
87 84
87 86
88 4
88 7
88 11
88 12
88 13
88 18
88 20
88 24
88 25
88 27
88 42
88 52
88 69
88 75
88 83
89 2
89 8
89 21
89 24
89 31
89 35
89 36
89 47
89 48
89 49
89 51
89 53
89 55
89 56
89 80
89 81
90 2
90 6
90 20
90 23
90 27
90 29
90 30
90 31
90 32
90 40
90 41
90 42
90 45
90 48
90 55
90 68
90 71
90 72
90 75
90 90
91 2
91 9
91 17
91 18
91 36
91 43
91 47
91 54
91 61
91 67
91 69
91 70
91 77
91 79
91 81
91 90
92 8
92 12
92 14
92 19
92 28
92 30
92 40
92 47
92 52
92 62
92 66
92 68
92 74
93 4
93 7
93 10
93 15
93 16
93 17
93 20
93 24
93 27
93 39
93 40
93 43
93 46
93 48
93 66
93 68
93 69
93 73
93 82
93 88
93 89
93 91
94 1
94 5
94 8
94 9
94 13
94 32
94 36
94 38
94 39
94 46
94 49
94 56
94 65
94 67
94 71
94 72
94 75
94 80
94 86
95 6
95 11
95 12
95 15
95 22
95 29
95 35
95 36
95 43
95 45
95 64
95 68
95 69
95 77
95 78
95 85
95 89
95 91
95 92
96 4
96 8
96 13
96 18
96 30
96 45
96 48
96 50
96 52
96 56
96 58
96 59
96 66
96 70
96 71
96 86
96 87
96 91
96 96
97 1
97 11
97 12
97 16
97 22
97 25
97 26
97 35
97 37
97 38
97 41
97 42
97 44
97 63
97 66
97 67
97 75
97 83
97 88
97 90
97 92
97 93
97 94
98 3
98 6
98 22
98 23
98 31
98 32
98 43
98 49
98 57
98 63
98 66
98 72
98 75
98 81
98 82
98 84
98 90
98 97
98 98
99 4
99 15
99 16
99 18
99 19
99 21
99 40
99 42
99 45
99 46
99 52
99 58
99 64
99 72
99 74
99 90
99 96
100 7
100 23
100 26
100 36
100 39
100 42
100 67
100 68
100 70
100 73
100 75
